0.14
1.36
0.11
-1.39
-1.21
0.02
-0.71
1.67
1.94
-0.46
0.19
1.04
-0.39
0.37
0.24
1.64
-1.18
-0.28
0.26
-0.09
-0.64
-0.46
1.00
2.51
-1.00
0.88
2.09
-0.30
0.32
-0.27
0.43
0.14
0.29
-0.29
0.23
0.38
0.30
-0.29
-0.37
0.25
0.80
-0.15
-0.12
-0.19
-0.58
-0.27
0.66
-0.33
-0.77
-1.58
-0.28
0.75
2.18
0.52
-1.23
1.74
-0.95
-1.11
1.10
1.40
-0.66
-0.84
0.53
0.05
0.15
-0.33
-2.36
1.20
-1.34
-2.12
-1.77
0.35
0.46
0.78
-0.30
-1.19
-0.19
-0.73
0.06
-0.93
0.23
-0.16
2.36
1.50
0.36
0.34
0.03
-0.85
0.66
-0.21
-0.98
-0.93
0.11
-0.05
1.18
-0.84
0.35
-0.86
0.50
0.17
-1.63
-1.84
-1.51
-0.57
-0.23
0.51
0.70
-0.21
1.73
-0.07
-0.06
1.06
-0.56
0.96
-0.33
-2.10
0.52
0.26
0.12
-0.37
0.02
0.47
-0.15
-1.87
2.81
1.29
0.38
-0.92
